7888
7948
9142
7558
3704
5785
7723
1192
2819
6836
4881
8348
4310
536
4731
4190
415
4094
4448
55
3850
1943
8262
9223
3123
9218
2857
9217
469
6234
6972
6322
33
2239
3526
2943
2939
1632
6813
4282
926
2226
5009
6240
3471
6560
5070
3891
3310
7087
4917
367
5609
7404
8005
187
5020
4324
8771
8910
1571
3679
3864
9292
8544
6186
5113
3147
9911
6688
6978
6390
8822
3605
8252
1661
8642
1039
6462
7447
269
5185
3055
8517
2084
8725
7913
4868
7589
7541
3545
6751
9389
8789
7219
2671
4975
4545
5891
8928
6017
7631
1902
8225
8193
2465
4439
3287
5877
1753
4765
2606
9471
9145
1506
78
3167
1990
6950
5910
3218
9480
737
7399
4985
6129
2496
9231
324
3895
2903
5057
589
6176
4997
2206
4882
9337
2821
5586
7194
7139
3249
2189
5896
8858
7745
9308
365
1843
8816
259
5192
3970
8367
5226
1657
7397
9155
593
3091
6945
8314
9441
7055
7015
6187
3969
2941
9890
7851
4337
5318
9087
6844
1463
6637
5721
9056
1748
995
2625
5339
2897
6970
1047
9286
3707
3681
4375
4720
6409
6606
4834
7455
7158
6027
504
7236
4783
3527
8319
413
7994
2812
611
2292
9120
2992
4858
2068
6282
213
7187
9323
4404
1564
6010
491
6160
8471
2234
7403
889
9339
208
6123
5250
1860
4759
5813
9659
3986
6774
7150
3311
2722
4786
5995
8397
3495
6321
3137
1457
9319
4140
1509
4879
8498
6624
1570
4363
333
6802
7352
3911
813
2876
3153
1498
3439
4521
7152
9898
8965
4776
6195
6950
1722
6672
1415
4626
4534
5201
6810
3295
6365
2786
3339
758
7217
3805
9517
5009
6584
5715
4699
5943
7673
6253
358
7474
7488
5648
5274
4975
7105
8460
4639
3105
5721
4626
5930
3746
7439
1663
9859
8983
8442
937
5730
6222
3484
3972
8915
263
8092
4466
1640
5660
4674
9077
5038
1230
2459
34
983
4398
4364
2372
7814
5221
6083
2954
890
7377
5880
8942
2450
3948
5459
1363
9054
7370
2360
3002
7526
8031
2173
9169
8612
5034
7452
8857
3500
9554
9539
8034
5772
7020
4809
9333
1262
9270
1131
9246
2074
5075
8772
1267
2040
2115
3708
9382
884
8415
7687
2915
1034
4462
5326
7750
5441
8054
6571
6012
1748
8098
3293
7668
619
1260
3436
163
8152
8408
7334
3984
9693
8685
4440
7042
3611
1297
2808
7172
5078
1455
1807
1922
1316
6280
5620
548
7412
5971
9012
4324
7051
2018
5773
9452
3529
8195
6345
7809
8459
5423
2937
8614
7865
3875
1239
7359
8975
7304
6909
7475
2153
1921
963
5324
9256
9808
8563
9471
1841
3478
4329
5730
3157
2598
2151
1647
3723
7444
4949
9460
872
1279
9637
9283
913
5527
245
4365
3352
365
9261
4838
9234
9479
3512
8949
9337
7004
2623
8331
2269
6818
4737
4957
1797
9921
639
1263
7267
6739
5651
3183
1878
2267
9297
1051
7385
2208
2646
9553
7256
2148
8477
6369
7635
837
305
4256
6075
8431
3644
2540
5866
7419
7149
3207
1487
9641
5816
770
3958
3477
4376
3367
406
2313
9632
4131
772
3535
9199
1774
5782
8737
9793
9912
3682
5439
2466
6114
6691
4876
797
7414
349
8406
7267
1557
6264
9440
1655
6091
8345
6302
7638
7040
4111
5771
7765
5869
4424
7578
5330
3417
7780
9624
5308
4560
9857
218
5679
9407
3861
4969
9543
302
7627
6502
1158
7066
6180
539
5248
2190
5646
2192
8339
8173
6627
2679
7109
431
4920
1029
2774
8198
422
9949
308
1291
6486
5482
6588
1018
8356
8856
1662
4023
9782
592
6042
4123
8806
2543
4823
8879
1819
1953
5395
3683
230
1663
5060
5036
6936
7762
3196
632
1089
2403
7483
5823
9155
5266
3006
776
821
5998
4054
8725
8147
3783
468
2972
7779
1438
1984
7042
4866
7429
2680
2006
6653
3544
6597
6600
6572
8296
5786
9956
9224
7792
3590
7247
2206
9766
5160
8589
6139
784
7314
2348
1879
4831
982
3472
1534
3645
126
3324
6649
3471
4520
3370
3292
4486
5053
9527
4280
1144
6707
190
4448
3494
8728
9695
9721
6826
1823
3244
1531
4144
7671
4912
3396
2253
9959
5228
28
5232
5318
7807
531
6355
6838
1698
9462
5117
2561
9309
7328
9800
5211
1945
2877
3291
3335
611
1642
4435
8294
6586
4536
291
3289
4117
8736
4020
3560
3764
7872
7866
4172
6641
1283
4934
8502
9154
3455
1217
7539
2815
9848
6076
4454
8618
6178
7793
8741
8528
3860
3349
5617
1114
9191
268
3804
5712
6525
1017
8159
8475
2879
9121
1475
5765
5423
9179
4685
2320
8700
2950
103
1551
3492
8119
3433
5141
5060
829
4631
1096
6954
9779
8132
5665
7627
9809
6116
3412
9169
3247
5951
4998
6428
9512
8465
4175
7450
5238
4062
62
8961
1200
6275
7155
2840
3037
4567
5709
86
8195
6289
737
7154
3617
2131
1811
5273
5765
5300
7108
8191
8859
4556
8281
3708
2946
7208
9236
3688
1404
1677
8577
9937
2451
1993
2558
2360
4195
6053
1367
9628
599
3462
3246
5935
4019
3795
228
4181
3196
8945
6166
3546
2399
2986
4663
4963
9445
6573
1398
5804
5057
7407
700
721
5234
9582
788
6361
2172
2565
9271
684
8029
3356
4147
901
527
9175
4951
1842
6569
2959
3710
1560
7650
8894
4661
3908
5731
660
7451
6396
3479
1974
7108
6244
7955
7542
1337
6717
7692
9789
4512
1287
9257
6309
5172
9895
8838
3460
1249
3540
6081
9986
8702
7900
1445
4075
2055
9731
4449
6928
8581
4251
4581
5864
8957
7823
7336
5620
4162
1017
7272
2833
7271
2148
3583
7366
245
2747
6590
4044
565
3840
9033
1998
4555
9049
2206
5718
6384
4629
436
2327
6970
9917
5948
8361
2410
4565
2710
6862
8417
9297
2723
7523
9824
2708
7842
6883
4555
7060
1210
7477
2600
5258
6323
7254
4458
2469
273
8737
4453
5742
3726
2763
1789
1766
418
6907
144
6651
4705
5750
6252
4842
5138
7353
6174
2654
3768
5263
6520
6358
7647
211
7294
7829
7652
8735
2542
9027
5649
1842
9833
737
2324
7745
5490
1546
9851
244
962
7588
4238
2513
1206
5462
2728
9782
2358
1620
6963
7551
2034
9445
7232
9576
1115
5046
2656
7885
7051
8455
4034
1293
8674
2514
8185
2140
2206
2189
8937
7143
1110
2805
8607
4339
6259
5066
7738
9006
7611
4218
7177
6743
6188
7525
7489
4922
2434
8800
8171
6179
293
9909
137
7316
674
6487
5539
9330
5619
5107
8291
6345
5326
2882
3432
5583
9319
3131
1675
4438
8099
8805
2892
7899
5386
9018
247
7212
9320
7991
3193
4711
9776
4737
7513
8221
957
6161
7957
7013
711
4336
1210
5740
4318
7453
2511
6651
4454
2571
9743
4833
7728
8856
8161
4623
4240
6600
7046
2306
1008
3441
7134
5243
1409
5982
7575
1883
6296
7655
2355
6298
8621
3816
3252
7222
2796
237
6343
4569
2709
7279
3467
7187
6118
7960
1868
5270
6499
1939
2848
9185
5439
927
3197
4692
3194
1986
1349
1026
9399
6970
5264
1429
4441
4095
2773
779
5673
7428
4804
4125
2055
8188
6162
2097
2842
7545
1121
9893
7109
4543
9883
4556
1289
3368
3164
2150
2625
3200
2298
599
3902
9985
1570
217
3663
3241
3455
2493
8620
8982
5913
1517
2463
3460
376
365
2336
7278
7076
6912
8316
6416
2363
6871
8897
2877
7293
6372
2809
2972
5528
7181
8368
8717
5515
8764
2371
826
1337
4498
4887
7049
4156
7739
2947
7213
4402
2429
620
907
3001
8507
539
4475
515
3207
8396
1973
8342
531
7830
6954
1715
1176
6530
8549
3232
3104
682
1398
6644
2477
2831
6206
1119
7197
7110
2362
9812
3493
7153
8422
5715
8698
2694
6066
5495
6366
5790
1954
9881
6488
5772
3903
6479
5756
6407
8075
1189
7162
4518
6689
1894
6883
2424
43
1351
7813
3629
6590
6432
6071
3092
6352
7512
16
3777
5898
8076
6739
2586
3128
8603
9844
2047
509
7169
2238
2964
8963
5214
9261
509
6240
6563
6294
7989
9540
8648
7303
3354
7855
3628
3785
5624
6287
5914
1922
6464
7831
1989
2487
1621
5868
6464
2894
8500
8441
3341
1137
5181
3042
9215
4127
2994
4997
5437
2732
8987
6844
1078
5545
9459
303
908
5134
466
3287
5807
2532
3864
5374
8215
9087
6435
9857
7756
1865
4573
8247
7349
1674
3830
331
6108
7090
2265
7573
3419
2633
5133
856
3861
4861
2442
2436
4835
4059
1382
8859
217
74
3820
8929
6629
4496
8599
2412
9539
9352
3440
3579
2288
2235
6498
531
7625
5547
7622
7589
8590
4367
6048
2795
6393
7352
1829
9329
5269
5075
3272
5728
1709
4135
7999
5269
483
9070
8598
4865
8889
112
192
521
2735
3066
7782
9230
3625
1806
6254
23
8092
8724
6056
6282
2534
8254
2727
8042
615
5066
6875
681
7024
5696
551
9295
2838
171
3844
1795
4450
3925
4865
3590
5560
8026
5781
2975
4754
8462
6931
3248
6857
3227
8105
9160
5984
9171
837
1554
3340
7076
691
6635
7732
9657
7768
4369
4753
717
1060
3734
9265
4522
9544
5892
5423
1280
9428
8123
8375
5425
5883
4069
6312
232
134
9018
810
6394
3265
5071
3561
6982
870
6298
5902
1686
1908
1296
5560
5111
2155
3536
9804
4644
9223
9608
6678
4942
4567
4085
9483
9209
2889
552
8781
7104
7732
5859
2346
2617
6033
6260
2897
1346
5478
5048
369
8378
624
1281
8544
877
941
7282
8965
4456
1348
631
4452
7066
4641
6577
8675
4955
8737
4351
1853
1110
3014
4824
658
9394
5495
3269
5576
7215
5112
8252
7203
9979
5009
6710
2221
8628
7805
8738
3394
9735
7345
1763
3994
1528
263
3636
499
3419
7367
8924
1963
8158
3313
3357
4391
2873
1865
9510
1443
382
4111
1304
6999
1819
4186
4981
7154
5023
9696
2932
8549
9784
3652
898
3806
5418
4893
4210
8864
4204
319
2661
779
2605
7977
8421
4350
2036
4074
7979
4581
1013
9056
6000
8256
5615
8527
1905
9187
3122
2778
7867
8899
5102
2976
8694
9620
6710
9654
5054
124
9635
3166
6141
8098
2790
1329
8164
9337
325
254
7752
8307
1383
7055
2345
2996
7722
7652
45
9156
9377
4862
2540
2224
8428
8698
9476
5918
4703
615
8317
4987
2853
3302
2535
7412
3997
2798
5391
4445
9794
5913
9201
1184
152
5647
9383
6693
8066
9629
9343
3610
8961
4977
1322
3632
3671
8564
9745
8323
6282
6836
9315
6339
2083
5133
9321
819
4310
6852
1962
3486
4860
9616
442
2241
1340
869
7005
4104
6969
3326
2666
6473
4901
134
5594
7335
5619
1524
8960
6084
5897
2897
4994
2231
3732
6742
421
3909
7078
5638
5816
3743
1418
6
615
5320
5368
3285
3007
226
9012
1836
3649
6308
6625
2755
3504
6249
6467
1148
1716
3815
7586
3008
3409
7499
1514
4773
609
9854
1808
4009
6222
7702
3791
7502
8172
8988
5743
5698
4899
8085
3031
2697
9466
3583
8538
7177
622
6650
5965
7602
5715
3200
1784
5960
354
7842
2779
9855
6688
9953
2360
7377
5295
6150
2318
5582
5869
4750
3222
4369
6010
854
4550
4731
9528
1775
8002
9535
6971
6189
1075
1737
1119
2178
2288
3531
2425
6178
2505
1302
4582
8802
1938
1009
447
8258
8924
9561
5358
7060
8319
8262
7178
8905
6116
1541
4527
4823
784
3879
2105
1432
6426
9493
3950
5057
3421
1502
5355
5917
6376
3056
4023
6854
787
6622
404
9392
7901
5652
9427
4466
7648
9092
6503
4705
3846
9051
6002
5595
8469
5574
4812
7805
7237
8427
7219
6322
9235
485
6188
9352
7070
7263
214
9360
1502
5132
5791
3186
6308
8593
5601
6187
9677
4816
900
9268
5392
3234
7191
8128
6999
3391
5465
1905
7370
1837
8802
9144
6566
7587
6959
2967
2189
9913
265
2709
1767
5630
6007
4061
7959
6854
8330
3363
1352
3918
9510
4421
5062
1868
1569
2633
6361
5352
3796
1625
795
433
9758
3943
4587
605
456
4079
9194
4113
2003
6328
931
5113
7005
1302
1480
5333
2547
5855
7927
5025
9713
4871
4011
2975
1860
2395
5855
562
8512
7687
4669
3482
1277
8820
5509
8455
8428
4530
6441
11
4984
3741
1301
8081
9016
3567
6428
3060
4865
8178
4589
5438
8647
1632
3940
3502
4852
6265
1469
3860
5858
6656
2052
3852
1122
2866
4616
2372
9039
7604
4862
1420
9164
953
577
5129
8826
381
6439
7446
726
1936
5630
4984
8287
4162
3158
3868
4917
8455
1528
7392
6493
7240
4468
6059
1409
1350
377
7001
3252
1739
9404
9078
4131
2223
9947
2230
1991
2292
7468
1647
5559
7390
2975
3381
7771
4002
1554
880
3339
9338
1747
2171
373
9827
8704
219
2238
7299
362
6714
4928
3114
1112
1567
4929
4116
8728
2652
5972
8007
1312
6724
4585
8816
1171
1974
4831
3476
8895
8379
4458
3670
2211
344
8064
4724
4269
7936
9485
7790
7249
7354
1734
2341
8966
970
5738
5995
75
7806
4133
8316
4343
8791
270
2520
4446
6290
8944
4941
2015
2626
9510
9693
4570
9196
2879
2817
623
5983
9266
1226
4146
8622
7883
5311
9658
8075
1218
6904
6073
2497
1485
1574
3157
9902
4796
9724
9413
2011
1810
6862
5336
2586
3635
6613
8590
7627
1225
1277
6826
5563
1969
5547
127
5529
4978
8269
1592
5030
9101
6320
9300
985
3184
4216
5566
9452
4757
2912
8890
9062
5912
1518
2044
3302
9637
3890
9730
7192
6463
5211
1906
2887
4030
8374
4158
1440
8336
2452
2355
3887
2464
3862
2834
8265
6659
8
1205
5797
7231
6103
6787
6423
2166
5744
7775
3113
4912
2551
2427
1032
6520
5440
3994
4649
8205
4558
4626
9239
6008
1190
7712
9899
7709
8415
1318
3110
9066
2552
1952
5437
2540
9669
2340
449
4833
600
4967
2201
1609
5496
8060
8175
7718
321
2887
2789
770
6488
9152
9490
3151
8344
291
2460
6697
7150
6820
4563
3912
2893
8433
9832
274
9759
2703
7577
4573
8681
9574
9562
5234
2650
9561
5040
4925
4512
557
9693
9921
7207
4475
2260
1928
4606
7216
9992
7544
183
5761
9253
3954
6731
5404
730
9299
2392
5722
5122
3229
6697
7649
4830
4736
5104
8006
3008
898
7458
7663
9047
158
1823
5799
5938
6760
5260
2842
578
9310
8911
3328
3920
427
374
1335
9352
85
405
5640
4577
534
8394
2524
9610
7511
8575
9368
1427
6392
5851
4499
2517
3405
9029
1624
4175
6867
1222
4903
3838
5488
2681
9909
9704
5031
4546
8740
6917
4667
345
7230
7594
651
8162
9019
6227
2108
7738
2434
4109
9348
527
7931
2221
4226
780
8851
9008
5100
2352
2233
7616
5968
3610
1365
7184
6364
451
9672
1733
3385
2344
3679
7168
6049
8755
5553
6924
9505
8933
536
1952
9562
2754
2652
9842
1778
5864
9034
6569
7719
3229
4964
1437
3091
5269
4019
3997
2747
7341
1831
3036
6690
8183
6543
1513
3099
9570
579
617
332
8341
5262
9187
3245
2120
4090
3288
6799
9742
4788
4509
6809
2147
8062
6535
5486
2222
8083
5906
9515
3412
9013
7870
8188
9369
5938
8662
5006
9987
4213
8078
5247
6637
4105
8440
4018
4884
7256
9187
8046
7330
8146
2834
5398
2436
2857
9012
4915
8842
7561
5988
2686
7131
3125
8239
8154
5427
1725
5406
9165
4202
5003
7503
6543
7361
908
2132
2844
4748
2796
3864
8356
5831
7450
8329
8049
7142
43
9559
8216
9101
474
7271
8040
1896
7709
7652
7472
3144
466
8963
909
7483
5673
401
9393
3526
2955
7291
8991
5026
5320
4617
8259
5793
1599
9705
5919
491
8902
8196
7775
7273
25
7951
1054
6653
4911
8063
6514
6716
4328
3801
6274
2026
3874
3142
3495
768
7339
5744
8992
1355
8945
4892
9232
452
2693
788
931
6360
702
6399
2510
692
7978
4655
5059
9855
7615
7030
6324
4516
3856
262
4799
6122
9211
2612
1415
2258
8431
4088
9331
2284
9707
9876
3680
9781
2529
1726
3474
1777
3737
9772
5495
8818
5330
5579
1084
3843
8547
7964
7449
1219
6352
7500
1352
3873
1752
6574
2980
1104
7339
6327
3611
263
1401
8693
2661
2696
2070
1901
1103
1882
9001
7168
4928
2470
9651
8025
7805
3499
6541
3429
5543
5614
6363
2704
5154
6321
8445
7192
6241
9102
8003
7232
8733
3361
9376
4195
3061
6672
1000
2723
8879
8167
7395
1165
8092
4916
3507
4859
8585
876
2370
5062
9329
5656
6229
165
5249
2192
2093
7510
36
5681
6092
5544
9324
78
9508
4883
9794
8353
4843
9317
1653
876
9451
665
3118
2177
358
9030
7684
314
8086
4769
1563
5557
642
3792
1288
6528
5405
5549
8511
8605
3721
7074
6589
6642
3241
8071
2050
624
1348
2086
5286
7389
6581
119
5644
5184
7886
5245
8276
8713
6045
6204
1418
5530
311
4069
6171
694
9489
543
9960
2165
3326
1300
4468
2001
643
8837
3623
9728
8902
9051
7925
3950
7556
5467
3257
9398
705
4165
314
2652
4970
3866
928
7210
5047
1287
479
9334
6477
8562
450
6317
6288
5024
3044
2590
1285
80
9991
8853
9621
5368
5751
3250
9213
362
248
7093
2243
1058
9404
665
291
1535
3682
6330
7031
1211
1336
5988
4709
3913
1633
5882
7314
8714
4545
207
3140
8492
9477
7300
949
6192
6895
6303
5220
9094
1103
3460
2358
2503
110
4115
8810
9279
2980
125
4185
7141
489
260
3708
3576
5240
9871
3448
6263
4960
9654
244
8941
9396
3280
2747
4152
770
295
8941
4405
5233
3733
624
137
5667
5117
3060
734
4122
9288
4803
9000
1287
6346
1463
131
1757
3584
1542
6475
9060
4089
7433
4631
1706
3246
7482
9219
6516
6015
2603
8217
4914
7532
1556
6220
2144
6716
5396
9776
8872
2766
393
7753
4869
282
2570
7710
9427
834
